n=1, Mean Waiting Time: 8.809378304353018, 95% CI: (8.66412735780374, 8.954629250902297)
n=2, Mean Waiting Time: 4.258155833860999, 95% CI: (4.208482434729143, 4.307829232992855)
n=4, Mean Waiting Time: 1.9545484462037392, 95% CI: (1.9344002934604023, 1.9746965989470762)
